12.23	-14.78	98.14
16.58	11.42	97.95
-4.62	-20.07	97.86
-10.37	18.31	97.76
20.42	-6.64	97.67
-19.94	-9.08	97.57
8.74	20.54	97.48
7.57	-21.44	97.38
-20.42	10.89	97.29
22.8	5.85	97.19
-13.07	-20.04	97.1
-3.95	23.99	97
19.41	-15.25	96.9
17.4	18.53	96.71
-0.32	-25.78	96.62
-17.41	19.5	96.52
26.35	-2.66	96.43
-21.51	-16.04	96.33
5.09	26.69	96.24
14.45	-23.41	96.14
25.17	12.63	95.95
-10.15	-26.61	95.86
-10.6	26.78	95.76
26.19	-12.73	95.67
15.3	25.5	95.48
6	-29.44	95.38
-24.55	17.83	95.29
30.44	3.46	95.19
-20.31	-23.33	95.1
-0.78	31.22	95
21.86	-22.7	94.9
24.97	20.14	94.71
-4.86	-31.99	94.62
-18.18	27.11	94.52
31.98	-7.78	94.43
-29.08	-15.99	94.33
10.74	31.68	94.24
13.59	-30.86	94.14
-31.11	13.69	94.05
32.44	10.99	93.95
-16.62	-30.24	93.86
-8.22	33.78	93.76
29.09	-19.5	93.67
22.3	27.66	93.48
2.25	-35.71	93.38
-25.95	24.99	93.29
36.26	-0.91	93.19
-27.54	-23.97	93.1
4.15	36.52	93
21.75	-29.93	92.9
32.13	19.28	92.71
-10.75	-36.14	92.62
-16.58	34.12	92.52
35.49	-14.05	92.43
-35.88	-13.69	92.33
17.32	34.53	92.24
10.61	-37.38	92.14
-33.26	20.52	92.05
38.61	7.36	91.95
-23.63	-31.68	91.86
-3.99	39.55	91.76
29.81	-26.62	91.67
-40.18	-0.5	91.57
29.45	27.66	91.48
-3.06	-40.5	91.38
-25.23	32.1	91.29
40.49	-6.67	91.19
-34.55	-22.54	91.1
10.31	40.16	91
19.61	-36.76	90.9
-39.49	13.94	90.81
38.73	16.47	90.71
-17.52	-38.49	90.62
-13.13	40.41	90.52
37.15	-21.04	90.43
-41.8	-9.62	90.33
24.45	35.49	90.24
5.97	-42.88	90.14
-33.51	27.72	90.05
43.63	2.2	89.95
-30.83	-31.22	89.86
1.66	44.05	89.76
28.65	-33.75	89.67
-44.11	5.57	89.57
36.45	25.79	89.48
-9.51	-43.83	89.38
-22.68	38.91	89.29
43.18	-13.43	89.19
-41.09	-19.33	89.1
17.32	42.18	89
15.78	-42.98	88.9
-40.82	21.13	88.81
44.55	12.04	88.71
-24.83	-39.12	88.62
-8.14	45.8	88.52
37.08	-28.39	88.43
-46.69	-4.12	88.33
31.78	34.7	88.24
0	-47.23	88.14
-32.02	34.96	88.05
47.4	-4.18	87.95
-37.92	-29.04	87.86
8.39	47.2	87.76
25.78	-40.62	87.67
-46.61	12.59	87.57
43.03	22.27	87.48
-16.76	-45.65	87.38
-18.53	45.14	87.29
44.31	-20.85	87.19
-46.92	-14.6	87.1
24.83	42.6	87
10.49	-48.35	86.9
-40.52	28.67	86.81
49.41	6.24	86.71
-32.33	-38.1	86.62
-1.89	50.1	86.52
35.34	-35.79	86.43
-50.4	2.54	86.33
39.01	32.27	86.24
-7	-50.3	86.14
-28.9	41.96	86.05
49.81	-11.46	85.95
-44.61	-25.26	85.86
15.89	48.91	85.76
21.38	-46.95	85.67
-47.62	20.25	85.57
48.94	17.27	85.48
-24.5	-45.93	85.38
-12.99	50.57	85.29
43.86	-28.61	85.19
-51.82	-8.54	85.1
32.55	41.42	85
3.98	-52.68	84.9
-38.62	36.27	84.81
53.13	-0.67	84.71
-39.75	-35.49	84.62
5.36	53.17	84.52
32.04	-42.96	84.43
-52.79	10.07	84.33
45.86	28.3	84.24
-14.75	-51.98	84.14
-24.3	48.43	84.05
50.76	-19.36	83.95
-50.65	-20.06	83.86
23.88	49.13	83.76
15.61	-52.5	83.67
-47.09	28.25	83.57
53.95	11	83.48
-32.45	-44.66	83.38
-6.25	55	83.29
41.85	-36.44	83.19
-55.62	-1.4	83.1
40.18	38.69	83
-3.51	-55.81	82.9
-35.19	43.64	82.81
55.56	-8.44	82.71
-46.8	-31.37	82.62
13.36	54.88	82.52
27.28	-49.61	82.43
-53.75	18.22	82.33
52.07	22.92	82.24
-22.98	-52.2	82.14
-18.35	54.14	82.05
50.22	-27.61	81.95
-55.81	-13.58	81.86
32.06	47.82	81.76
8.67	-57.06	81.67
-45.03	36.31	81.57
57.87	3.64	81.48
-40.31	-41.86	81.38
1.46	58.23	81.29
38.33	-44.03	81.19
-58.14	6.6	81.1
47.44	34.47	81
-11.74	-57.59	80.9
-30.3	50.51	80.81
56.59	-16.83	80.71
-53.21	-25.86	80.62
21.83	55.13	80.52
21.18	-55.52	80.43
-53.23	26.7	80.33
57.41	16.29	80.24
-31.41	-50.9	80.14
-11.23	58.87	80.05
48.14	-35.91	79.95
-59.89	-6.04	79.86
40.17	44.99	79.76
0.76	-60.44	79.67
-41.46	44.15	79.57
60.52	-4.57	79.48
-47.82	-37.58	79.38
9.91	60.13	79.29
33.37	-51.14	79.19
-59.27	15.22	79.1
54.09	28.86	79
-20.45	-57.93	78.9
-24.09	56.65	78.81
56.13	-25.56	78.71
-58.77	-19.1	78.62
30.51	53.88	78.52
13.91	-60.46	78.43
-51.19	35.26	78.33
61.69	8.58	78.24
-39.77	-48.08	78.14
-3.14	62.44	78.05
44.57	-44.01	77.95
-62.71	2.37	77.86
47.94	40.68	77.76
-7.89	-62.49	77.67
-36.45	51.52	77.57
61.79	-13.4	77.48
-54.72	-31.9	77.38
18.85	60.59	77.29
27.07	-57.52	77.19
-58.92	24.19	77.1
59.9	21.99	77
-29.38	-56.77	76.9
-16.7	61.82	76.81
54.16	-34.37	76.71
-63.27	-11.25	76.62
39.14	51.11	76.52
5.67	-64.24	76.43
-47.64	43.63	76.33
64.71	0	76.24
-47.81	-43.78	76.14
5.7	64.69	76.05
39.54	-51.65	75.95
-64.15	11.4	75.86
55.11	34.97	75.76
-17.05	-63.12	75.67
-30.1	58.16	75.57
61.58	-22.61	75.48
-60.79	-24.96	75.38
28.02	59.55	75.29
19.58	-62.95	75.19
-57.05	33.26	75.1
64.64	14.02	75
-38.27	-54.08	74.9
-8.32	65.84	74.81
50.68	-43.01	74.71
-66.53	-2.51	74.62
47.45	46.85	74.52
-3.36	-66.7	74.43
-42.64	51.54	74.33
66.36	-9.23	74.24
-55.26	-38.07	74.14
15.07	65.5	74.05
33.17	-58.57	73.95
-64.12	20.83	73.86
61.45	27.98	73.76
-26.47	-62.23	73.67
-22.54	63.87	73.57
59.85	-31.93	73.48
-65.8	-16.89	73.38
37.18	56.98	73.29
11.08	-67.23	73.19
-53.66	42.16	73.1
68.15	5.15	73
-46.85	-49.9	72.9
0.86	68.54	72.81
45.72	-51.21	72.71
-68.4	6.9	72.62
55.19	41.17	72.52
-12.92	-67.73	72.43
-36.26	58.76	72.33
66.52	-18.87	72.24
-61.9	-31.05	72.14
24.72	64.79	72.05
25.57	-64.57	71.95
-62.55	30.4	71.86
66.75	19.85	71.76
-35.88	-59.81	71.67
-13.95	68.43	71.57
56.58	-41.11	71.48
-69.59	-7.9	71.38
46.05	52.9	71.29
1.76	-70.21	71.19
-48.78	50.66	71.1
70.28	-4.42	71
-54.89	-44.26	70.9
10.61	69.81	70.81
39.38	-58.73	70.71
-68.79	16.74	70.62
62.13	34.15	70.52
-22.78	-67.24	70.43
-28.64	65.06	70.33
65.15	-28.68	70.24
-67.5	-22.87	70.14
34.38	62.54	70.05
16.9	-69.43	69.95
-59.43	39.85	69.86
70.83	10.76	69.76
-45.03	-55.85	69.67
-4.51	71.69	69.57
51.81	-49.89	69.48
-71.99	1.81	69.38
54.39	47.34	69.29
-8.15	-71.74	69.19
-42.49	58.48	69.1
70.92	-14.46	69
-62.15	-37.28	68.9
20.68	69.55	68.81
31.76	-65.34	68.71
-67.63	26.78	68.62
68.05	25.96	68.52
-32.7	-65.18	68.43
-19.93	70.24	68.33
62.21	-38.39	68.24
-71.89	-13.71	68.14
43.81	58.74	68.05
7.36	-72.99	67.95
-54.79	48.92	67.86
73.54	0.92	67.76
-53.67	-50.4	67.67
5.55	73.51	67.57
45.6	-58.03	67.48
-72.91	12.02	67.38
61.96	40.42	67.29
-18.42	-71.74	67.19
-34.9	65.42	67.1
70	-24.71	67
-68.39	-29.09	66.9
30.83	67.72	66.81
23.02	-70.85	66.71
-64.9	36.75	66.62
72.76	16.74	66.52
-42.4	-61.56	66.43
-10.31	74.12	66.33
57.72	-47.75	66.24
-74.91	-3.77	66.14
52.76	53.43	66.05
-2.83	-75.11	65.95
-48.69	57.38	65.86
74.74	-9.44	65.76
-61.57	-43.56	65.67
16.01	73.78	65.57
38.07	-65.3	65.48
-72.25	22.48	65.38
68.54	32.25	65.29
-28.8	-70.15	65.19
-26.16	71.26	65.1
67.49	-34.93	65
-73.44	-19.84	64.9
40.81	64.3	64.81
13.34	-75.06	64.71
-60.6	46.4	64.62
76.1	6.71	64.52
-51.65	-56.4	64.43
0	76.56	64.33
51.76	-56.52	64.24
-76.42	6.74	64.14
60.98	46.69	64.05
-13.46	-75.69	63.95
-41.24	64.98	63.86
74.37	-20.09	63.76
-68.49	-35.44	63.67
26.6	72.46	63.57
29.35	-71.48	63.48
-69.99	32.93	63.38
73.93	23	63.29
-39.03	-66.96	63.19
-16.45	75.82	63.1
63.4	-44.85	63
-77.12	-9.74	62.9
50.35	59.33	62.81
2.94	-77.84	62.71
-54.78	55.48	62.62
77.94	-3.92	62.52
-60.19	-49.8	62.43
10.77	77.45	62.33
44.4	-64.46	62.24
-76.35	17.57	62.14
68.24	38.64	62.05
-24.26	-74.66	61.95
-32.56	71.51	61.86
72.37	-30.78	61.76
-74.23	-26.2	61.67
37.09	69.52	61.57
19.61	-76.39	61.48
-66.12	43.14	61.38
77.97	12.85	61.29
-48.87	-62.19	61.19
-5.96	78.94	61.1
57.76	-54.24	61
-79.31	1	60.9
59.22	52.87	60.81
-7.97	-79.06	60.71
-47.55	63.75	60.62
78.19	-14.92	60.52
-67.8	-41.84	60.43
21.77	76.72	60.33
35.79	-71.35	60.24
-74.65	28.47	60.14
74.35	29.44	60.05
-34.98	-71.98	59.95
-22.83	76.78	59.86
68.75	-41.25	59.76
-78.63	-16.03	59.67
47.21	64.98	59.57
9.07	-79.88	59.48
-60.69	52.83	59.38
80.51	2.02	59.29
-58.06	-55.91	59.19
5.07	80.51	59.1
50.68	-62.85	59
-79.89	12.14	58.9
67.18	45.04	58.81
-19.14	-78.65	58.71
-39.03	71	58.62
76.8	-26.02	58.52
-74.28	-32.7	58.43
32.73	74.34	58.33
26.09	-76.99	58.24
-71.3	39.2	58.14
79.12	19.26	58.05
-45.38	-67.69	57.95
-12.25	80.64	57.86
63.55	-51.24	57.76
-81.54	-5.13	57.67
56.72	58.9	57.57
-2.06	-81.81	57.48
-53.77	61.77	57.38
81.44	-9.25	57.29
-66.37	-48.22	57.19
16.4	80.44	57.1
42.27	-70.46	57
-78.82	23.44	56.9
74.02	35.97	56.81
-30.32	-76.58	56.71
-29.38	77.01	56.62
73.74	-36.99	56.52
-79.42	-22.53	56.43
43.39	70.31	56.33
15.49	-81.22	56.24
-66.33	49.48	56.14
82.4	8.31	56.05
-55.2	-61.82	55.95
-1.04	82.94	55.86
56.82	-60.51	55.76
-82.84	6.26	55.67
65.37	51.37	55.57
-13.53	-82.09	55.48
-45.5	69.74	55.38
80.71	-20.72	55.29
-73.57	-39.25	55.19
27.78	78.7	55.1
32.69	-76.85	55
-76.07	34.63	54.9
79.55	25.85	54.81
-41.24	-72.84	54.71
-18.79	81.63	54.62
69.04	-47.55	54.52
-83.09	-11.56	54.43
53.51	64.69	54.33
4.22	-83.91	54.24
-59.82	59.08	54.14
84.08	-3.17	54.05
-64.2	-54.48	53.95
10.56	83.59	53.86
48.7	-68.83	53.76
-82.46	17.89	53.67
72.95	42.53	53.57
-25.1	-80.69	53.48
-36	76.51	53.38
78.28	-32.14	53.29
-79.49	-29.18	53.19
38.94	75.26	53.1
22.12	-81.86	53
-71.65	45.47	52.9
83.61	14.86	52.81
-51.66	-67.47	52.71
-7.47	84.71	52.62
62.76	-57.47	52.52
-85.15	0	52.43
62.85	57.55	52.33
-7.49	-84.94	52.24
-51.87	67.75	52.14
84.07	-14.94	52.05
-72.14	-45.78	51.95
22.3	82.54	51.86
39.32	-75.99	51.76
-80.37	29.51	51.67
79.26	32.54	51.57
-36.5	-77.57	51.48
-25.48	81.92	51.38
74.17	-43.23	51.29
-83.95	-18.21	51.19
49.65	70.17	51.1
10.78	-85.34	51
-65.63	55.69	50.9
86.07	3.25	50.81
-61.32	-60.56	50.71
4.33	86.13	50.62
55.01	-66.49	50.52
-85.53	11.9	50.43
71.16	49.02	50.33
-19.39	-84.26	50.24
-42.63	75.29	50.14
82.34	-26.75	50.05
-78.84	-35.9	49.95
33.93	79.77	49.86
28.87	-81.79	49.76
-76.58	40.85	49.67
84.12	21.6	49.57
-47.48	-72.78	49.48
-14.14	85.8	49.38
68.42	-53.76	49.29
-86.82	-6.56	49.19
59.64	63.51	49.1
-1.1	-87.17	49
-58.09	65.07	48.9
86.84	-8.76	48.81
-70	-52.22	48.71
16.37	85.84	48.62
45.92	-74.41	48.52
-84.17	23.88	48.43
78.25	39.25	48.33
-31.22	-81.84	48.24
-32.27	81.49	48.14
78.88	-38.34	48.05
-84.11	-25.01	47.95
45.17	75.3	47.86
17.55	-86.09	47.76
-71.12	51.67	47.67
87.4	9.93	47.57
-57.79	-66.38	47.48
-2.21	88.03	47.38
61.12	-63.47	47.29
-87.99	5.54	47.19
68.67	55.37	47.1
-13.26	-87.26	47
-49.18	73.36	46.9
85.86	-20.9	46.81
-77.48	-42.6	46.71
28.39	83.79	46.62
35.66	-81.02	46.52
-81.06	35.68	46.43
83.93	28.44	46.33
-42.72	-77.7	46.24
-20.98	86.2	46.14
73.73	-49.43	46.05
-87.81	-13.34	45.95
55.78	69.18	45.86
5.58	-88.74	45.76
-64.08	61.71	45.67
88.98	-2.24	45.57
-67.17	-58.48	45.48
10.06	88.54	45.38
52.41	-72.13	45.29
-87.41	17.82	45.19
76.54	45.92	45.1
-25.45	-85.6	45
-39.06	80.36	44.9
83.12	-32.91	44.81
-83.57	-31.88	44.71
40.13	79.99	44.62
24.44	-86.14	44.52
-76.24	47.05	44.43
88.05	16.8	44.33
-53.62	-71.89	44.24
-9.01	89.28	44.14
66.97	-59.79	44.05
-89.82	-1.13	43.95
65.51	61.52	43.86
-6.77	-89.66	43.76
-55.58	70.74	43.67
88.81	-14.64	43.57
-75.42	-49.21	43.48
22.41	87.27	43.38
42.43	-79.54	43.29
-85.05	30.02	43.19
83.04	35.32	43.1
-37.41	-82.17	43
-27.91	85.91	42.9
78.64	-44.53	42.81
-88.12	-20.28	42.71
51.32	74.5	42.62
12.47	-89.64	42.52
-69.77	57.72	42.43
90.48	4.55	42.33
-63.69	-64.49	42.24
3.42	90.62	42.14
58.71	-69.18	42.05
-90.06	11.38	41.95
74.14	52.45	41.86
-19.26	-88.8	41.76
-45.78	78.54	41.67
86.84	-27.02	41.57
-82.33	-38.74	41.48
34.57	84.22	41.38
31.39	-85.5	41.29
-80.93	41.88	41.19
88.01	23.78	41.1
-48.87	-77.01	41
-15.97	89.84	40.9
72.49	-55.5	40.81
-90.98	-8.02	40.71
61.71	67.39	40.62
0	-91.42	40.52
-61.77	67.46	40.43
91.15	-8.04	40.33
-72.69	-55.65	40.24
16.03	90.18	40.14
49.1	-77.37	40.05
-88.5	23.91	39.95
81.45	42.15	39.86
-31.62	-86.13	39.76
-34.86	84.92	39.67
83.1	-39.1	39.57
-87.73	-27.29	39.48
46.29	79.41	39.38
19.5	-89.87	39.29
-75.1	53.14	39.19
91.32	11.54	39.1
-59.58	-70.21	39
-3.47	92.06	38.9
64.76	-65.58	38.81
-92.09	4.63	38.71
71.07	58.8	38.62
-12.72	-91.4	38.52
-52.37	76.03	38.43
90.01	-20.71	38.33
-80.41	-45.53	38.24
28.57	87.92	38.14
38.32	-84.17	38.05
-85.14	36.21	37.95
87.28	30.8	37.86
-43.59	-81.7	37.76
-23.04	89.72	37.67
77.62	-50.64	37.57
-91.48	-15.08	37.48
57.31	72.93	37.38
6.99	-92.53	37.29
-67.67	63.54	37.19
92.86	-1.17	37.1
-69.3	-61.87	37
9.33	92.47	36.9
55.59	-74.53	36.81
-91.37	17.43	36.71
79.19	48.87	36.62
-25.41	-89.56	36.52
-41.76	83.24	36.43
87.05	-33.21	36.33
-86.66	-34.31	36.24
40.76	83.86	36.14
26.59	-89.41	36.05
-80.02	48	35.95
91.47	18.64	35.86
-54.89	-75.55	35.76
-10.54	92.83	35.67
70.49	-61.36	35.57
-93.47	-2.35	35.48
67.37	64.88	35.38
-5.88	-93.38	35.29
-58.75	72.87	35.19
92.58	-14.07	35.1
-77.81	-52.17	35
22.16	91.05	34.9
45.16	-82.15	34.81
-88.82	30.1	34.71
85.86	37.8	34.62
-37.81	-85.9	34.52
-30.13	88.92	34.43
82.3	-45.25	34.33
-91.29	-22.22	34.24
52.34	78.07	34.14
14.13	-92.96	34.05
-73.22	59.04	33.95
93.91	5.91	33.86
-65.29	-67.8	33.76
2.37	94.13	33.67
61.85	-71.05	33.57
-93.63	10.63	33.48
76.26	55.41	33.38
-18.83	-92.4	33.29
-48.53	80.89	33.19
90.45	-26.9	33.1
-84.9	-41.26	33
34.76	87.8	32.9
33.67	-88.26	32.81
-84.47	42.37	32.71
90.94	25.8	32.62
-49.66	-80.47	32.52
-17.73	92.92	32.43
75.85	-56.58	32.33
-94.18	-9.5	32.24
63.07	70.64	32.14
1.19	-94.72	32.05
-64.87	69.08	31.95
94.52	-7.14	31.86
-74.56	-58.59	31.76
15.43	93.59	31.67
51.84	-79.47	31.57
-91.94	23.6	31.48
83.77	44.69	31.38
-31.61	-89.57	31.29
-37.18	87.43	31.19
86.5	-39.38	31.1
-90.42	-29.38	31
46.86	82.76	30.9
21.34	-92.71	30.81
-78.37	53.98	30.71
94.29	13.12	30.62
-60.7	-73.37	30.52
-4.79	95.14	30.43
67.8	-66.95	30.33
-95.25	3.59	30.24
72.7	61.7	30.14
-11.95	-94.63	30.05
-55.11	77.89	29.95
93.27	-20.23	29.86
-82.48	-48.08	29.76
28.37	91.19	29.67
40.67	-86.44	29.57
-88.4	36.29	29.48
89.73	32.94	29.38
-43.94	-84.92	29.29
-24.95	92.33	29.19
80.78	-51.26	29.1
-94.23	-16.75	29
58.2	76.01	28.9
8.41	-95.39	28.81
-70.65	64.69	28.71
95.82	0	28.62
-70.69	-64.73	28.52
8.42	95.5	28.43
58.3	-76.15	28.33
-94.45	16.79	28.24
81.02	51.42	28.14
-25.04	-92.66	28.05
-44.13	85.27	27.95
90.16	-33.1	27.86
-88.87	-36.49	27.76
40.92	86.95	27.67
28.55	-91.79	27.57
-83.07	48.42	27.48
93.99	20.39	27.38
-55.57	-78.54	27.29
-12.06	95.47	27.19
73.39	-62.29	27.1
-96.22	-3.63	27
68.53	67.67	26.9
-4.84	-96.22	26.81
-61.43	74.25	26.71
95.47	-13.28	26.62
-79.4	-54.7	26.52
21.63	93.99	26.43
47.53	-83.95	26.33
-91.77	29.82	26.24
87.85	40	26.14
-37.79	-88.85	26.05
-32.14	91.07	25.95
85.23	-45.47	25.86
-93.59	-24.03	25.76
52.81	80.95	25.67
15.72	-95.39	25.57
-76.03	59.75	25.48
96.45	7.29	25.38
-66.23	-70.53	25.29
1.22	96.77	25.19
64.47	-72.21	25.1
-96.34	9.72	25
77.63	57.91	24.9
-18.15	-95.16	24.81
-50.89	82.46	24.71
93.24	-26.46	24.62
-86.65	-43.47	24.52
34.56	90.6	24.43
35.71	-90.18	24.33
-87.26	42.41	24.24
93.02	27.66	24.14
-49.93	-83.24	24.05
-19.39	95.13	23.95
78.57	-57.08	23.86
-96.52	-10.96	23.76
63.79	73.28	23.67
2.44	-97.15	23.57
-67.43	70.02	23.48
97.04	-6.11	23.38
-75.71	-61.04	23.29
14.61	96.17	23.19
54.18	-80.81	23.1
-94.56	23.02	23
85.3	46.89	22.9
-31.25	-92.21	22.81
-39.24	89.13	22.71
89.15	-39.25	22.62
-92.28	-31.27	22.52
46.95	85.4	22.43
23.05	-94.71	22.33
-80.98	54.29	22.24
96.41	14.65	22.14
-61.22	-75.93	22.05
-6.13	97.37	21.95
70.29	-67.69	21.86
-97.57	2.45	21.76
73.63	64.1	21.67
-11.02	-97.02	21.57
-57.41	79.01	21.48
95.72	-19.51	21.38
-83.79	-50.27	21.29
27.85	93.68	21.19
42.73	-87.92	21.1
-90.9	35.99	21
91.37	34.85	20.9
-43.86	-87.43	20.81
-26.7	94.12	20.71
83.27	-51.39	20.62
-96.14	-18.34	20.52
58.53	78.47	20.43
9.83	-97.42	20.33
-73.05	65.22	20.24
97.94	1.23	20.14
-71.42	-67.06	20.05
7.38	97.71	19.95
60.56	-77.06	19.86
-96.72	15.94	19.76
82.12	53.57	19.67
-24.39	-94.99	19.57
-46.17	86.54	19.48
92.51	-32.65	19.38
-90.3	-38.4	19.29
40.67	89.32	19.19
30.33	-93.36	19.1
-85.43	48.38	19
95.7	22.02	18.9
-55.71	-80.88	18.81
-13.54	97.3	18.71
75.7	-62.63	18.62
-98.15	-4.94	18.52
69.06	69.93	18.43
-3.71	-98.24	18.33
-63.62	74.97	18.24
97.56	-12.33	18.14
-80.29	-56.81	18.05
20.86	96.14	17.95
49.55	-85	17.86
-93.97	29.23	17.76
89.06	41.91	17.67
-37.39	-91.07	17.57
-33.93	92.43	17.48
87.46	-45.26	17.38
-95.08	-25.69	17.29
52.79	83.18	17.19
17.24	-97.01	17.1
-78.24	59.91	17
98.18	8.66	16.9
-66.57	-72.7	16.81
0	98.59	16.71
66.59	-72.73	16.62
-98.24	8.66	16.52
78.32	59.97	16.43
-17.27	-97.13	16.33
-52.87	83.31	16.24
95.27	-25.74	16.14
-87.66	-45.36	16.05
34.02	92.67	15.95
37.5	-91.34	15.86
-89.35	42.05	15.76
94.31	29.34	15.67
-49.75	-85.34	15.57
-20.95	96.55	15.48
80.66	-57.07	15.38
-98.05	-12.39	15.29
63.95	75.36	15.19
3.73	-98.78	15.1
-69.47	70.35	15
98.76	-4.97	14.9
-76.2	-63.04	14.81
13.63	97.97	14.71
56.12	-81.47	14.62
-96.42	22.19	14.52
86.11	48.76	14.43
-30.58	-94.12	14.33
-41.02	90.08	14.24
91.1	-38.74	14.14
-93.36	-32.95	14.05
46.61	87.37	13.95
24.63	-95.92	13.86
-82.96	54.12	13.76
97.74	16.11	13.67
-61.21	-77.9	13.57
-7.46	98.81	13.48
72.24	-67.84	13.38
-99.11	1.25	13.29
73.94	66.02	13.19
-9.95	-98.64	13.1
-59.28	79.48	13
97.41	-18.58	12.9
-84.4	-52.08	12.81
27.07	95.42	12.71
44.48	-88.67	12.62
-92.7	35.36	12.52
92.26	36.53	12.43
-43.38	-89.25	12.33
-28.29	95.13	12.24
85.12	-51.06	12.14
-97.27	-19.83	12.05
58.36	80.32	11.95
11.21	-98.66	11.86
-74.9	65.2	11.76
99.29	2.5	11.67
-71.55	-68.9	11.57
6.24	99.14	11.48
62.36	-77.34	11.38
-98.23	14.93	11.29
82.54	55.34	11.19
-23.5	-96.56	11.1
-47.88	87.1	11
94.15	-31.9	10.9
-90.99	-40.05	10.81
40.06	91	10.71
31.91	-94.17	10.62
-87.14	47.91	10.52
96.63	23.52	10.43
-55.39	-82.61	10.33
-14.94	98.35	10.24
77.44	-62.45	10.14
-99.3	-6.25	10.05
69.02	71.67	9.95
-2.5	-99.48	9.86
-65.34	75.06	9.76
98.9	-11.23	9.67
-80.53	-58.51	9.57
19.88	97.54	9.48
51.22	-85.37	9.38
-95.44	28.38	9.29
89.56	43.53	9.19
-36.66	-92.59	9.1
-35.5	93.05	9
89.03	-44.66	8.9
-95.83	-27.19	8.81
52.32	84.78	8.71
18.67	-97.86	8.62
-79.86	59.57	8.52
99.14	10	8.43
-66.37	-74.33	8.33
-1.25	99.65	8.24
68.23	-72.65	8.14
-99.39	7.51	8.05
78.38	61.59	7.95
-16.21	-98.36	7.86
-54.47	83.5	7.76
96.57	-24.8	7.67
-87.98	-46.94	7.57
33.19	94.04	7.48
39.03	-91.77	7.38
-90.77	41.33	7.29
94.86	30.82	7.19
-49.15	-86.8	7.1
-22.37	97.21	7
82.16	-56.59	6.9
-98.82	-13.75	6.81
63.6	76.88	6.71
5.01	-99.65	6.62
-71	70.12	6.52
99.72	-3.76	6.43
-76.09	-64.58	6.33
12.51	99.02	6.24
57.65	-81.48	6.14
-97.55	21.16	6.05
86.24	50.27	5.95
-29.65	-95.32	5.86
-42.51	90.33	5.76
92.36	-37.92	5.67
-93.73	-34.41	5.57
45.89	88.68	5.48
26.05	-96.4	5.38
-84.31	53.51	5.29
98.32	17.48	5.19
-60.71	-79.3	5.1
-8.77	99.49	5
73.66	-67.45	4.9
-99.88	0	4.81
73.67	67.46	4.71
-8.78	-99.51	4.62
-60.73	79.32	4.52
98.36	-17.49	4.43
-84.35	-53.53	4.33
26.06	96.45	4.24
45.92	-88.74	4.14
-93.8	34.44	4.05
92.44	37.95	3.95
-42.55	-90.42	3.86
-29.68	95.42	3.76
86.33	-50.33	3.67
-97.66	-21.19	3.57
57.72	81.58	3.48
12.53	-99.15	3.38
-76.2	64.67	3.29
99.88	3.77	3.19
-71.12	-70.23	3.1
5.02	99.83	3
63.72	-77.02	2.9
-99.01	13.77	2.81
82.32	56.71	2.71
-22.42	-97.42	2.62
-49.26	86.99	2.52
95.08	-30.89	2.43
-90.99	-41.43	2.33
39.13	92	2.24
33.27	-94.28	2.14
-88.21	47.06	2.05
96.84	24.86	1.95
-54.63	-83.74	1.86
-16.26	98.65	1.76
78.62	-61.78	1.67
-99.7	-7.53	1.57
68.45	72.89	1.48
-1.26	-99.98	1.38
-66.6	74.59	1.29
99.49	-10.04	1.19
-80.15	-59.79	1.1
18.74	98.22	1
52.52	-85.1	0.9
-96.2	27.29	0.81
89.38	44.84	0.71
-35.64	-93.43	0.62
-36.81	92.98	0.52
89.94	-43.71	0.43
-95.85	-28.5	0.33
51.44	85.75	0.24
19.97	-97.99	0.14
-80.9	58.78	0.05
